;	input	file	for	the	gadget	model	
;	created	automatically	from	Rgadget			
;	params.in	-	Tue	Jun	16	12:43:10	2015
switch	value	lower	upper	optimise			
Linf8c	22.196	14	30	1			
Linf9aw	20.57	14	30	1			
Linf9as	20.014	14	30	1			
kappa8c	1.394	0.05	1.8	1			
kappa9aw	1.218	0.05	1.8	1			
kappa9as	1.475	0.05	1.8	1			
alpha8c	7.76E-06	1.00E-10	10	0			
alpha9aw	1.16E-05	1.00E-10	10	0			
alpha9as	7.09E-06	1.00E-10	10	0			
beta8c	2.99E+00	1.00E-04	10	0			
beta9aw	2.85E+00	1.00E-04	10	0			
beta9as	3.01E+00	1.00E-04	10	0			
bbeta	1	0.01	5000	1			
constant	random	0.8	2.3	1			
l50	random	12	20	1			
constantpel	random	0.8	2.3	1			
l50pel	10	5	20	1			
rec8c62	100	0.000001	1000	1			
rec8c63	100	0.000001	1000	1			
rec8c64	100	0.000001	1000	1			
rec8c65	100	0.000001	1000	1			
rec8c66	100	0.000001	1000	1			
rec8c67	100	0.000001	1000	1			
rec8c68	100	0.000001	1000	1			
rec8c69	100	0.000001	1000	1			
rec8c70	100	0.000001	1000	1			
rec8c71	100	0.000001	1000	1			
rec8c72	100	0.000001	1000	1			
rec8c73	100	0.000001	1000	1			
rec8c74	100	0.000001	1000	1			
rec8c75	100	0.000001	1000	1			
rec8c76	100	0.000001	1000	1			
rec8c77	100	0.000001	1000	1			
rec8c78	100	0.000001	1000	1			
rec8c79	100	0.000001	1000	1			
rec8c80	100	0.000001	1000	1			
rec8c81	100	0.000001	1000	1			
rec8c82	100	0.000001	1000	1			
rec8c83	100	0.000001	1000	1			
rec8c84	100	0.000001	1000	1			
rec8c85	100	0.000001	1000	1			
rec8c86	100	0.000001	1000	1			
rec8c87	100	0.000001	1000	1			
rec8c88	100	0.000001	1000	1			
rec8c89	100	0.000001	1000	1			
rec8c90	100	0.000001	1000	1			
rec8c91	100	0.000001	1000	1			
rec8c92	100	0.000001	1000	1			
rec8c93	100	0.000001	1000	1			
rec8c94	100	0.000001	1000	1			
rec8c95	100	0.000001	1000	1			
rec8c96	100	0.000001	1000	1			
rec8c97	100	0.000001	1000	1			
rec8c98	100	0.000001	1000	1			
rec8c99	100	0.000001	1000	1			
rec8c100	100	0.000001	1000	1			
rec8c101	100	0.000001	1000	1			
rec8c102	100	0.000001	1000	1			
rec8c103	100	0.000001	1000	1			
rec8c104	100	0.000001	1000	1			
rec8c105	100	0.000001	1000	1			
rec8c106	100	0.000001	1000	1			
rec8c107	100	0.000001	1000	1			
rec8c108	100	0.000001	1000	1			
rec8c109	100	0.000001	1000	1			
rec8c110	100	0.000001	1000	1			
rec8c111	100	0.000001	1000	1			
rec8c112	100	0.000001	1000	1			
rec8c113	100	0.000001	1000	1			
rec8c114	100	0.000001	1000	1			
rec8c115	100	0.000001	1000	1			
rec8c116	100	0.000001	1000	1			
rec8c117	100	0.000001	1000	1			
init8c0	610816.667	1.00E-06	2000000	1			
init8c1	192610	1.00E-06	2000000	1			
init8c2	56507.333	1.00E-06	2000000	1			
init8c3	17626.667	1.00E-07	2000000	1			
init8c4	6741.05	1.00E-07	2000000	1			
init8c5	1713.6	1.00E-07	2000000	1			
init8c6	1277.533	1.00E-07	2000000	1			
recburn8c	8	5	12	1			
sdrecburn8c	2	0.01	4	1			
recl8c	8	5	12	1			
sdrecl8c	2	0.01	4	1			
rec9aw62	100	0.000001	1000	1			
rec9aw63	100	0.000001	1000	1			
rec9aw64	100	0.000001	1000	1			
rec9aw65	100	0.000001	1000	1			
rec9aw66	100	0.000001	1000	1			
rec9aw67	100	0.000001	1000	1			
rec9aw68	100	0.000001	1000	1			
rec9aw69	100	0.000001	1000	1			
rec9aw70	100	0.000001	1000	1			
rec9aw71	100	0.000001	1000	1			
rec9aw72	100	0.000001	1000	1			
rec9aw73	100	0.000001	1000	1			
rec9aw74	100	0.000001	1000	1			
rec9aw75	100	0.000001	1000	1			
rec9aw76	100	0.000001	1000	1			
rec9aw77	100	0.000001	1000	1			
rec9aw78	100	0.000001	1000	1			
rec9aw79	100	0.000001	1000	1			
rec9aw80	100	0.000001	1000	1			
rec9aw81	100	0.000001	1000	1			
rec9aw82	100	0.000001	1000	1			
rec9aw83	100	0.000001	1000	1			
rec9aw84	100	0.000001	1000	1			
rec9aw85	100	0.000001	1000	1			
rec9aw86	100	0.000001	1000	1			
rec9aw87	100	0.000001	1000	1			
rec9aw88	100	0.000001	1000	1			
rec9aw89	100	0.000001	1000	1			
rec9aw90	100	0.000001	1000	1			
rec9aw91	100	0.000001	1000	1			
rec9aw92	100	0.000001	1000	1			
rec9aw93	100	0.000001	1000	1			
rec9aw94	100	0.000001	1000	1			
rec9aw95	100	0.000001	1000	1			
rec9aw96	100	0.000001	1000	1			
rec9aw97	100	0.000001	1000	1			
rec9aw98	100	0.000001	1000	1			
rec9aw99	100	0.000001	1000	1			
rec9aw100	100	0.000001	1000	1			
rec9aw101	100	0.000001	1000	1			
rec9aw102	100	0.000001	1000	1			
rec9aw103	100	0.000001	1000	1			
rec9aw104	100	0.000001	1000	1			
rec9aw105	100	0.000001	1000	1			
rec9aw106	100	0.000001	1000	1			
rec9aw107	100	0.000001	1000	1			
rec9aw108	100	0.000001	1000	1			
rec9aw109	100	0.000001	1000	1			
rec9aw110	100	0.000001	1000	1			
rec9aw111	100	0.000001	1000	1			
rec9aw112	100	0.000001	1000	1			
rec9aw113	100	0.000001	1000	1			
rec9aw114	100	0.000001	1000	1			
rec9aw115	100	0.000001	1000	1			
rec9aw116	100	0.000001	1000	1			
rec9aw117	100	0.000001	1000	1			
init9aw0	610816.667	1.00E-06	2000000	1			
init9aw1	192610	1.00E-06	2000000	1			
init9aw2	56507.333	1.00E-06	2000000	1			
init9aw3	17626.667	1.00E-07	2000000	1			
init9aw4	6741.05	1.00E-07	2000000	1			
init9aw5	1713.6	1.00E-07	2000000	1			
init9aw6	1277.533	1.00E-07	2000000	1			
recburn9aw	8	5	12	1			
sdrecburn9aw	2	0.01	4	1			
recl9aw	8	5	12	1			
sdrecl9aw	2	0.01	4	1			
rec9as62	100	0.000001	1000	1			
rec9as63	100	0.000001	1000	1			
rec9as64	100	0.000001	1000	1			
rec9as65	100	0.000001	1000	1			
rec9as66	100	0.000001	1000	1			
rec9as67	100	0.000001	1000	1			
rec9as68	100	0.000001	1000	1			
rec9as69	100	0.000001	1000	1			
rec9as70	100	0.000001	1000	1			
rec9as71	100	0.000001	1000	1			
rec9as72	100	0.000001	1000	1			
rec9as73	100	0.000001	1000	1			
rec9as74	100	0.000001	1000	1			
rec9as75	100	0.000001	1000	1			
rec9as76	100	0.000001	1000	1			
rec9as77	100	0.000001	1000	1			
rec9as78	100	0.000001	1000	1			
rec9as79	100	0.000001	1000	1			
rec9as80	100	0.000001	1000	1			
rec9as81	100	0.000001	1000	1			
rec9as82	100	0.000001	1000	1			
rec9as83	100	0.000001	1000	1			
rec9as84	100	0.000001	1000	1			
rec9as85	100	0.000001	1000	1			
rec9as86	100	0.000001	1000	1			
rec9as87	100	0.000001	1000	1			
rec9as88	100	0.000001	1000	1			
rec9as89	100	0.000001	1000	1			
rec9as90	100	0.000001	1000	1			
rec9as91	100	0.000001	1000	1			
rec9as92	100	0.000001	1000	1			
rec9as93	100	0.000001	1000	1			
rec9as94	100	0.000001	1000	1			
rec9as95	100	0.000001	1000	1			
rec9as96	100	0.000001	1000	1			
rec9as97	100	0.000001	1000	1			
rec9as98	100	0.000001	1000	1			
rec9as99	100	0.000001	1000	1			
rec9as100	100	0.000001	1000	1			
rec9as101	100	0.000001	1000	1			
rec9as102	100	0.000001	1000	1			
rec9as103	100	0.000001	1000	1			
rec9as104	100	0.000001	1000	1			
rec9as105	100	0.000001	1000	1			
rec9as106	100	0.000001	1000	1			
rec9as107	100	0.000001	1000	1			
rec9as108	100	0.000001	1000	1			
rec9as109	100	0.000001	1000	1			
rec9as110	100	0.000001	1000	1			
rec9as111	100	0.000001	1000	1			
rec9as112	100	0.000001	1000	1			
rec9as113	100	0.000001	1000	1			
rec9as114	100	0.000001	1000	1			
rec9as115	100	0.000001	1000	1			
rec9as116	100	0.000001	1000	1			
rec9as117	100	0.000001	1000	1			
init9as0	610816.667	1.00E-06	2000000	1			
init9as1	192610	1.00E-06	2000000	1			
init9as2	56507.333	1.00E-06	2000000	1			
init9as3	17626.667	1.00E-07	2000000	1			
init9as4	6741.05	1.00E-07	2000000	1			
init9as5	1713.6	1.00E-07	2000000	1			
init9as6	1277.533	1.00E-07	2000000	1			
recburn9as	8	5	12	1			
sdrecburn9as	2	0.01	4	1			
recl9as	8	5	12	1			
sdrecl9as	2	0.01	4	1			
